1 2.7598371894480418 3.2374962424912357 
2 2.232117476090524 2.773360103176667 
31 4.3255961983970534 2.9564195190155309 
3 1.7927198907299158 2.1316669775969785 
32 3.8140477961156014 2.4678486387596292 
4 1.1166003044607944 1.7298619994619697 
33 3.3367015735771162 1.7669565192443129 
5 0.22785612101386316 2.0163125597291356 
34 2.5781064392958863 1.196084769252705 
6 0 1.9570429235418552 
35 1.5921857817402838 1.1469834733267801 
7 0 2.8111972879138207 
36 0.75611865604157336 1.4911141417092331 
8 0 4.1661611361498263 
37 0 2.3507277894680243 
9 0 5.8062439386207547 
38 0 3.5372047662632591 
10 0 7.3130254830719332 
39 0 5.0801340340757326 
11 0 8.694994687494539 
40 0 6.8548379639558119 
12 1.1450759452338228 10 
41 0.39589782615093033 8.3138885338317898 
13 2.7641594362331001 10 
42 1.4149061834348429 9.6522836455694687 
14 4.5536960854221089 10 
43 2.8261828941214326 10 
15 6.3931691031937774 10 
44 4.6838501134435528 10 
16 8.3707895304263467 10 
45 6.6338774196531265 10 
17 9.7793556805268054 8.8683735950902207 
46 8.5183921989995053 10 
18 10 7.2080532505780006 
47 9.8159908551263033 9.0504943236790165 
19 10 5.4604850334708663 
48 10 7.4085753425429957 
20 9.5381709737838971 3.920703570660883 
49 9.7818376098910971 5.9517917328468135 
21 8.4840321126587348 2.4494390265980162 
50 9.0713239733848638 4.3598371379195111 
22 7.0566669955496186 1.0718483185284271 
51 7.9778460094602393 2.7936174491626895 
23 5.2995860492444784 0 
52 6.5432894612224271 1.2801164230023074 
24 3.7175707843427124 0 
53 4.8095099153197749 0 
25 2.6399916848230744 0 
54 3.3851251543905798 0 
26 1.9892657442998563 0 
55 2.5934783704746214 0 
27 2.4985311064142453 0 
56 2.6958146924554383 0 
28 2.1408877080342537 0 
57 3.0444923755206053 0 
29 2.9788416866312506 0 
58 2.8215293678816931 0 
30 3.3200546055295805 0 
59 3.4161158630950181 0 
60 4.1133052122577709 0 
61 6.0594410439787181 2.6601628678092029 
62 5.6100645588870588 2.1330651336024107 
63 5.0653647459421238 1.3972647499200126 
64 4.2147719022127959 0.78939607697001024 
65 3.08459767132365 0.45000598823615262 
66 2.0205613284947366 0.7446819041062861 
67 1.3364807895726172 1.7723230996688182 
68 0.86210949342221188 3.0098723173290516 
69 0.36077067237282545 4.2529206812712532 
70 0.54285397565862414 6.0096225633290521 
71 1.0208354392672363 7.731986408205314 
72 1.7381417645015167 9.180111609111508 
73 2.640410515669172 10 
74 4.5118761971750327 10 
75 6.4731157679296443 10 
76 8.0842070144728737 10 
77 9.0751314054587162 9.3363749138915093 
78 9.2580841700027783 7.9308589968036234 
79 8.9111158826799102 6.3638138719408612 
80 8.2154709275949358 4.7885747920269672 
81 7.2401932972282665 3.2326406365259324 
82 6.1065166635112114 1.6722813944396078 
83 4.8648829173163586 0.22522159975238906 
84 3.885194283192055 0 
85 3.4882029248194057 0 
86 3.782634052059326 0 
87 3.4599187810216798 0 
88 3.6617505761921652 0 
89 4.0836447577784103 0 
90 4.2610041058178982 0 
91 7.741090657996077 2.5151862196850296 
92 7.3390886490333207 1.9588917691622714 
93 6.7630157512592532 1.1920602182920148 
94 5.8640494534130614 0.48073522353903858 
95 4.5593629376874523 0 
96 3.2597491220748895 0 
97 2.8450586844664705 1.1499700701079365 
98 2.3482840073377758 2.4980560745058122 
99 2.0032171809584085 3.9693980423970832 
100 1.9765337082946015 5.5490153444543351 
101 2.2204583979444359 7.189668783274672 
102 2.6303754017835819 8.7522213831540636 
103 3.2323431892024388 10 
104 4.2224580900443858 10 
105 5.7898546625809963 10 
106 7.2224817760638871 10 
107 8.086953575849817 9.6175403711737442 
108 8.1225050333913646 8.2615043053963557 
109 7.755628633038893 6.7055469012189786 
110 7.0787684404940938 5.1726707779698193 
111 6.2104549564035176 3.656095813351798 
112 5.2515743626443525 2.1086209877973174 
113 4.2566867853430486 0.60878766060457024 
114 3.2817184088240703 0 
115 2.9081084747724781 0 
116 3.9424849672710351 0 
117 4.3646166741344912 0 
118 4.9657271485589858 0 
119 5.4090195626252662 0 
120 4.893415282061083 0 
121 9.2241128995169461 2.7067064810599537 
122 8.8987122516123485 2.120993534643961 
123 8.3348252708048527 1.3752836762994887 
124 7.4938299916827127 0.57653415254934404 
125 6.3404593916984497 0 
126 5.1398368521410083 0 
127 4.4332966635253337 0.598127913013622 
128 3.9313568088883306 1.8777065165421989 
129 3.5869894273053022 3.3560807277423561 
130 3.4266452341124749 4.8964999143902306 
131 3.43952242128795 6.4577993718600526 
132 3.6597626020037168 7.9974255766368803 
133 3.852135445087324 9.2729148434811481 
134 4.0955401076469098 10 
135 5.2505016898288286 10 
136 6.2810868365173977 10 
137 6.8729576924165645 9.7768285804340405 
138 6.7939585223252568 8.4769232752671542 
139 6.3683088292940679 6.9783956733481398 
140 5.7291467421470115 5.5114073429680355 
141 4.9845751613486184 4.0489707652532791 
142 4.1773786766483223 2.6181524459606331 
143 3.3830844489700369 1.1984323458725521 
144 2.4441280117949118 0 
145 3.5444267832421783 0 
146 4.5924107842532313 0 
147 5.4610397592400544 0 
148 5.9858025526652385 0 
149 6.4072347437495152 0 
150 5.9184066487433116 0 
151 10 3.429153628713022 
152 10 2.7205223393088644 
153 9.6277717158696152 1.9979895730358743 
154 8.9265812391359365 1.1732039540758448 
155 7.9919913840085677 0.40694081317184611 
156 6.9047909861530137 0 
157 5.8729696673182454 0 
158 5.5203736722815613 1.2861697462964894 
159 5.1506286305269233 2.7055229466708748 
160 4.862268103992232 4.1707222353960081 
161 4.7529265075083984 5.6850785063715064 
162 4.7713055494937082 7.2552886708914537 
163 4.8090979073325499 8.6623127368890973 
164 4.8686129664845064 9.8430309213774461 
165 4.7711090424867004 10 
166 5.3766037751568918 10 
167 5.473466498273476 9.8970484702626944 
168 5.2776930054434716 8.6263916880625136 
169 4.8351736816535285 7.15854686281686 
170 4.2398575786016321 5.7948693873189487 
171 3.59991419919369 4.4820243494938659 
172 2.9610030855188776 3.2171247006255501 
173 2.5232158976082237 1.9204590249887912 
174 2.6121413651654897 0.73387527915593076 
175 3.7083332771311923 0.15880734207123015 
176 5.0127786808957318 0 
177 6.0598630815651546 0 
178 6.7233356989094073 0 
179 7.4870346639905359 0 
180 7.2980256217992014 0 
181 10 4.4686374322833942 
182 10 3.9589530526173125 
183 10 3.1629441011796664 
184 10 2.0802052560794349 
185 9.360738243997325 1.234650874042156 
186 8.4859469888080543 0.48883515330926441 
187 7.4195548285854125 0 
188 6.9047223743421871 0.74151710629326384 
189 6.5627634104783494 2.039320425217348 
190 6.2725337280441327 3.4462644610736608 
191 6.0609156320309738 4.9499632917468475 
192 5.9208029271537006 6.5137881504138475 
193 5.7952269322113281 8.0707336336544699 
194 5.5131569181438547 9.3786747895514644 
195 4.8404281597522258 10 
196 4.3499153643442474 10 
197 4.0240802554947921 9.9344932356829627 
198 3.7035589382571046 8.674300480098994 
199 3.2229242142569738 7.237929950719753 
200 2.6947327754384109 5.9182322835862422 
201 2.1323009952608927 4.7159961647029824 
202 1.521859260433587 3.5917236782040223 
203 1.2828534852392877 2.527044088051531 
204 1.8361724942664739 1.5370053241035968 
205 2.9691388967534649 0.7624684451907684 
206 4.3104206829788732 0.15876324458140442 
207 5.7300700140975289 0 
208 7.1250187379088947 0 
209 8.026512259478265 0 
210 8.2055348184571333 0 
211 10 5.1429961716535946 
212 10 4.8856008569290728 
213 10 4.4209388842700328 
214 10 3.3666458173611766 
215 10 2.3635317555206172 
216 9.7467303065943138 1.3914960845195041 
217 8.9892806234226708 0.70879627657901056 
218 8.3037789560117012 0.62618973985489046 
219 7.8363864701047987 1.5494340414253982 
220 7.6158519076568272 2.9254340407679926 
221 7.3539222445875438 4.3901558487730652 
222 7.0183354217632195 5.9077009834647338 
223 6.638135460370223 7.48992358364361 
224 6.0461801676310802 8.9704712856146251 
225 4.9769012663985004 10 
226 3.6601938662986884 10 
227 2.9244695379458179 9.7048760416937316 
228 2.2842332022044092 8.4438070455295247 
229 1.6790108310346454 6.9764489576138846 
230 1.2168595745093926 5.7507148221219193 
231 0.78405809797860304 4.6523774710250141 
232 0.088920672727234015 3.4896926643377713 
233 0 3.1102235074527882 
234 0.90117266435997234 2.5216890138778094 
235 2.1169965594093068 1.78220014582979 
236 3.5028301295914428 1.044133823356022 
237 4.8792153175477306 0.44290878346204415 
238 6.2468384512737822 0 
239 7.5479110347594398 0 
240 8.3418455383396655 0 
241 10 6.7586456900822753 
242 10 6.7835039305625031 
243 10 5.9894288357775167 
244 10 4.9562567512741378 
245 10 3.7929256985284949 
246 10 2.5250052671135639 
247 10 1.4595059178366969 
248 9.6725910731928355 1.0552294246945793 
249 9.019205571940077 1.3990678333404305 
250 8.9429328108626702 2.7479483556568556 
251 8.6666778104707252 4.2029931127437328 
252 8.2023479891193034 5.666397456605659 
253 7.5512053251455775 7.1359091949956071 
254 6.558073608614106 8.5376660307232299 
255 5.2435798549774075 9.6214230011124098 
256 3.5810190040520755 10 
257 2.252138858722553 9.3099965922305543 
258 1.2014284963352824 7.8321011060252257 
259 0.36512990968566833 5.99004239527404 
260 0 5.1771848381945347 
261 0 4.462375260506005 
262 0 4.5400295851062928 
263 0 4.6431573757345976 
264 0.3000729167532955 3.8244555563098319 
265 1.3007394525764449 2.9882543383798383 
266 2.5995278898694441 2.1357952767623609 
267 3.948825740783485 1.3343993322345176 
268 5.224907509434626 0.57263054643695033 
269 6.5591848967491897 0 
270 7.4391814113633234 0 
271 10 8.468810799159824 
272 10 8.2311292989804361 
273 10 7.5020190117590024 
274 10 6.4951249997775458 
275 10 5.1715547248978311 
276 10 3.7156804374870895 
277 10 2.4828461370806161 
278 10 1.5959004171168052 
279 10 1.7898888625185321 
280 10 2.7923740282833487 
281 9.7662836851055985 4.3403026974477745 
282 9.348291871479379 5.8834999172453779 
283 8.6332193102652131 7.3552123218595442 
284 7.408891436718168 8.5194613438239415 
285 5.8114609976561642 9.2576853797428118 
286 4.0068280115261574 9.4260412704320906 
287 2.2689911785159373 8.7492064143665225 
288 0.81473184862634562 7.4649880336666126 
289 0.094173016862924147 6.2338277963918456 
290 0 6.2203246081917287 
291 0 5.7208775255327398 
292 0 5.9207861927652736 
293 0 5.5613395396170615 
294 0 5.3010428225560204 
295 0.6063153299621542 4.1718655349468925 
296 1.6139151024266516 3.1536263020250832 
297 2.7599920999450647 2.2093652803972583 
298 3.8273850652313794 1.2879319834102769 
299 4.977544647702052 0.57852786346570273 
300 6.0823593361327841 0 
301 9.3421346041123137 9.79583966458231 
302 9.2890464405280984 9.4903514628491674 
303 9.4417964173857154 8.829263793546529 
304 9.7736624555239633 7.8712055014985145 
305 10 6.6069422243450084 
306 10 5.2466224449715693 
307 10 3.9335163125982757 
308 10 3.0347182111782209 
309 10 2.2492458724488129 
310 10 2.8858254645960582 
311 10 4.3407559148821511 
312 10 6.1347755574017544 
313 9.4970880252073435 7.7367821499691019 
314 8.2887521665094273 9.0089670668647379 
315 6.6658859252645923 9.6857076870910639 
316 4.8501048481001021 9.6740108054080061 
317 3.1044528273645908 9.0363082982001526 
318 1.7044887898075034 7.7514646911943315 
319 1.2606346144178922 7.6511708217649153 
320 1.2707954771616268 7.4427885041715172 
321 1.0680445183755474 7.0181365841877339 
322 0.60956868537196518 7.0463883279403712 
323 0.10794838474066221 6.7610137246287483 
324 0 6.3953076201038339 
325 0 5.2604659578105144 
326 0.62834627644691776 3.9310449988670602 
327 1.4571123331374143 2.9102929406266886 
328 2.3308368843721885 2.0439496895240685 
329 3.2560073043624618 1.2909845171659184 
330 4.0553799151051093 0.65239026189657889 
331 7.8910125000494222 10 
332 7.7118718723577953 10 
333 7.9719189273546549 9.7866864589986857 
334 8.5168471179414205 9.0200500523397213 
335 8.9274058625424164 7.8546304086937653 
336 9.365802370073963 6.6806195667673647 
337 9.8754312032884677 5.6278065581346759 
338 10 4.6537847407189297 
339 10 3.679143918381504 
340 10 4.1686179006827286 
341 10 5.355532525720835 
342 10 6.7226864536768236 
343 10 8.3327065447009385 
344 8.9112961905538661 9.5871256535626177 
345 7.317539260904903 10 
346 5.5596869148033683 10 
347 4.107620073256526 9.6633071312905869 
348 3.0816769686957732 8.9477740011229692 
349 2.7947787708816332 8.662095002511963 
350 2.9497664780279109 8.3206092254157351 
351 2.7125076269703867 7.8264065982843585 
352 2.1171861089819934 7.5577014333384946 
353 1.3187724178691356 7.1678819033280874 
354 0.48173633647446917 6.6722221849339469 
355 0 5.6249715911377391 
356 0 4.3744138200022888 
357 0.32288523636801825 3.425158521274895 
358 0.92884663451005034 2.7573694498201475 
359 1.6289847703557279 2.0547218093631288 
360 2.250554719290943 1.5059106511175138 
361 6.0430419008032601 10 
362 5.6503244861948918 10 
363 5.9250305785385651 10 
364 6.6982122219556182 9.8531088579970607 
365 7.5528632578234749 9.0259455199172027 
366 8.1848990570256746 7.9171872953592697 
367 9.1546496259463197 7.1217097597519556 
368 10 6.3730879498190616 
369 10 5.5368703925244294 
370 10 5.7000535715271514 
371 10 6.4710027994755457 
372 10 7.6839630540449333 
373 10 9.0237717190825979 
374 9.1372461257483284 10 
375 7.6695478070840997 10 
376 6.236626818153689 10 
377 5.0605092758032963 10 
378 4.3967133379431473 9.6473339892616572 
379 4.4878741690187658 9.2408557200912433 
380 4.8129963563269795 8.8182788318635641 
381 4.5911177100796543 8.13749861400699 
382 3.8678000805689758 7.6711393213909345 
383 2.8373450147933661 7.2729484233562101 
384 1.6804481831697808 6.7812437159360757 
385 0.67098536274257137 6.1269211557476915 
386 0.065197193402255355 5.1224966863474739 
387 0 4.0357806073508664 
388 0 3.586690901943236 
389 0.27876135534201957 2.8907366220935864 
390 0.69830433206703157 2.5071938093171173 
391 4.1590701107050387 10 
392 3.8167700242059985 10 
393 3.8736499679238974 10 
394 4.4895579712317302 10 
395 5.7837766982178733 9.7884058092110973 
396 7.0184048080163146 9.2435217448797875 
397 8.2429992126612781 8.6404720289723773 
398 9.4518165934226452 8.134377687973732 
399 10 7.4472775362515247 
400 10 7.2745335106557869 
401 10 7.9181542602134742 
402 10 8.8462422118643183 
403 10 9.6089651010379011 
404 9.3201981902733042 10 
405 8.0505483220081562 10 
406 6.9194284022417412 10 
407 5.9813006827234991 10 
408 5.6871030962099782 10 
409 6.1848278252025342 9.5985492091634228 
410 6.6551711138408116 9.1498494220436477 
411 6.4880709532498289 8.2490770605752033 
412 5.6994344029421429 7.5445702516903141 
413 4.4166624823050027 7.1945939758779307 
414 2.9797167090412415 6.8442765801817993 
415 1.5709434849472979 6.4050078089903595 
416 0.42203831487334004 5.7932333478382683 
417 0 4.8439109702333258 
418 0 4.5766700918951209 
419 0 3.8939743191450011 
420 0 3.7095315162896387 
421 2.7266728799118352 10 
422 2.1896265028006701 10 
423 2.0306720163247105 10 
424 2.6828900100913882 10 
425 3.7876645300334775 10 
426 5.330560397904974 10 
427 6.9777799890376713 9.8341730458965362 
428 8.489917417080024 9.5182838752654515 
429 9.5863063617372823 9.0498982249753777 
430 10 8.6642528697243133 
431 10 8.5900519449081738 
432 10 9.5498891432820514 
433 10 9.7266884234797288 
434 9.4909948562394835 10 
435 8.3250570250400564 10 
436 7.1394271800748701 9.4665745166294197 
437 6.1980830005373981 9.658860433848675 
438 6.7609254976261699 10 
439 7.6025378920414086 10 
440 8.3800963571380187 9.3178919658841117 
441 8.3467164269077845 8.053510502969484 
442 7.5118601533494092 7.2155887908959544 
443 5.8622179816835169 7.1377214108364084 
444 4.2167828288391513 6.8170282826422772 
445 2.482205355077407 6.6257080077490285 
446 0.78857860917287859 6.5827732465830566 
447 0 6.0177997151569205 
448 0 5.7530364355093218 
449 0 4.8750361169455951 
450 0 5.2284936144176841 
451 2.2800627653882035 10 
452 1.0698320964992247 10 
453 0.88630799632070478 9.4489218895251774 
454 1.2316008407949277 10 
455 2.2584440923437117 10 
456 3.5105544695114057 10 
457 5.216046934606581 10 
458 7.1355863880487131 10 
459 8.6279820980087862 10 
460 10 9.655662406527787 
461 10 7.7595948951261988 
462 10 9.8492713704944936 
463 10 9.4707092415174809 
464 9.816007002606554 10 
465 9.0604875579636968 10 
466 6.1432364747314923 8.0135046024865506 
467 5.1657461789409274 8.5451186236513461 
468 7.417526646477774 10 
469 8.7027044495664665 10 
470 10 9.2148720832344413 
471 9.9748183682793954 7.1864683917022791 
472 9.2093646944394685 6.4308012788117397 
473 6.9398231803312322 7.3818503556283126 
474 5.2959003153787574 6.630942296206527 
475 3.3002656909510315 6.3782750814797611 
476 0.015454746775425156 7.2190540981274616 
477 0 6.3673427012488695 
478 0 6.9426423416906671 
479 0 4.6178459353733947 
480 0 6.5492478194764123 
481 3.0384500106241137 10 
482 0 9.1387975253160398 
483 0 7.8526471339672836 
484 0 9.4536390933804455 
485 1.5827662749001905 10 
486 1.8519064856666438 10 
487 3.6219560166199822 9.7232953465669834 
488 0 0 
489 10 9.8845345002038947 
490 10 0 
491 0 10 
492 10 0 
493 10 5.8392432996032451 
494 0 0 
495 0 2.5996510310897882 
496 0 10 
497 0 0 
498 0 0 
499 0 8.8932427749498242 
500 1.864647962304063 0 
501 0 4.9936869637027739 
502 9.8305359958341629 0 
503 0 8.5185818471301644 
504 0 10 
505 0 0 
506 0 10 
507 10 0 
508 0 2.1033394357815753 
509 0 0 
510 0 0 
511 9.4772865867317222 0 
512 5.9503918525854855 0 
513 2.0341666977084194 0 
514 0 10 
515 0 3.4202347497508279 
516 0 0 
517 1.3413414916002273 10 
518 7.0192811204745427 10 
519 7.0448965715471941 0 
520 9.7414639856481902 10 
521 0 0 
522 2.7403342023291919 0 
523 0.87373981883239471 10 
524 10 0 
525 0 0 
526 9.4443036671747862 0 
527 0 0 
528 0 0 
529 10 0 
530 0 10 
531 0 0 
532 0 10 
533 10 2.9051721191957198 
534 0 4.0787756070279855 
535 2.9790359026127877 10 
536 0 8.577448149333728 
537 0 9.8048071616786903 
538 10 0.92184047434966798 
539 0 0 
540 0 0 
541 10 9.4133304565730942 
542 0 0 
543 0 0 
544 0 9.5951420459178181 
545 9.3750137181832276 0 
546 5.108329702117274 10 
547 0 8.9885757673690794 
548 0 0 
549 0 8.8441843010808068 
550 5.7144718072976479 10 
551 0 10 
552 10 3.0872148524962251 
553 0 10 
554 0 0 
555 0 0 
556 0 10 
557 10 1.6777454516120374 
558 0 1.8570880593287395 
559 10 0 
560 2.2498699088738388 0 
561 5.5917137324857213 0 
562 0 0 
563 10 0 
564 6.8259769255509886 0 
565 8.8388002409217385 0 
566 0 7.9734202413158739 
567 10 9.9179096058723744 
568 9.8571233348251113 0 
569 9.0453579646696802 0 
570 1.2720379672737472 10 
571 0 9.3470773422861324 
572 9.2217315973869649 0 
573 0 9.7275619784396063 
574 0 0 
575 0 10 
576 2.9142519866734347 10 
577 0 8.0393056302459591 
578 0 1.2959043669128929 
579 10 0.64442575160389526 
580 0 10 
581 9.4102280898824198 0 
582 0 0 
583 0 10 
584 10 10 
585 0 0 
586 0 0 
587 0 0 
588 0 10 
589 0 0 
590 10 0.73687489495727498 
591 0 1.6156328114087684 
592 1.3152499066128882 0 
593 0 9.5670901968370057 
594 0 0 
595 8.7808096655495635 0 
596 9.5092211137286977 0 
597 1.4315326494076284 10 
598 10 9.7723152744138826 
599 10 8.0752221799721031 
600 0.67289995855972429 10 
601 4.4315862067471601 0 
602 2.9362034824713761 0 
603 0 9.2397483434186007 
604 10 5.7585379207292746 
605 0 6.7372613856327401 
606 0 2.8787265663401702 
607 0 0 
608 10 0 
609 0 0 
610 0 10 
611 0 0 
612 1.5761150752457183 0 
613 0 0 
614 10 0 
615 10 0 
616 0 7.9163286166812901 
617 10 0 
618 0 0 
619 0 1.2083244345177959 
620 10 1.6213968190949413 
621 0 9.2032628700559691 
622 0 9.7019350499852202 
623 10 0 
624 9.6812725959593458 0 
625 0 0 
626 0 9.0819066065599472 
627 9.2688697834889577 10 
628 4.9010903204725809 10 
629 0 8.4580208773324124 
630 0 6.8139045599405321 
631 0 0 
632 10 5.9236065173588637 
633 2.3494424114544752 10 
634 9.935018179847134 10 
635 0 0 
636 0 0 
637 0 5.1986928810889772 
638 10 0 
639 0 0 
640 10 4.3692627759332821 
641 9.5991656489550952 0 
642 0 0 
643 0 9.7785677811749263 
644 0 0 
645 0 0 
646 0 9.0351802715945766 
647 0.57147507131195097 10 
648 0 0 
649 0 10 
650 10 4.9104043789462279 
651 0 0 
652 8.6536090655998148 0 
653 10 10 
654 7.8430365806794082 10 
655 10 5.588543223269717 
656 10 9.8128859372178958 
657 10 9.5173197433536885 
658 9.2620307027552968 0 
659 7.9158857126905984 0 
660 0 0 
661 0 0 
662 9.5893838810957135 10 
663 0 10 
664 0 10 
665 1.7858202227353115 0 
666 1.444787181509648 0 
667 0 0 
668 0 10 
669 10 0 
670 10 10 
671 9.540150420198982 0 
672 0 10 
673 0 0 
674 5.3321567086829127 0 
675 0 10 
676 0 0 
677 0 0 
678 10 0 
679 0 0 
680 0 9.7530113051431133 
681 10 1.1213361634187586 
682 0 8.6351307106071111 
683 10 0 
684 0 3.3360696993903236 
685 0 0 
686 10 1.018784963555557 
687 9.6273406100320056 0 
688 0 10 
689 0 0 
690 9.4425477581226236 10 
691 0 2.0222817824820707 
692 8.1524152007641302 0 
693 0 0 
694 10 0 
695 0 0 
696 0 0 
697 10 0 
698 0 10 
699 10 9.3490947472657986 
700 1.1834896997945474 0 
701 1.6435853424162474 0 
702 9.7815213223841244 0 
703 6.0318358069225972 0 
704 10 0 
705 0 4.2336222027463881 
706 10 0 
707 10 7.8115211958825288 
708 10 10 
709 10 2.2734816015921564 
710 10 10 
711 9.7571394990554339 0 
712 0 0 
713 10 4.2038215934877927 
714 7.0964715131251426 0 
715 0 0 
716 4.9293606285745231 0 
717 6.1335163402087503 10 
718 0 0 
719 4.8346866499838121 0 
720 0 0 
721 8.7193807625863329 0 
722 9.8058122501848484 0 
723 9.1800018141204909 0 
724 0 9.1675853455144711 
725 6.9804324610305741 0 
726 10 0 
727 0 1.7743374213266776 
728 9.6479266914586539 10 
729 0 0 
730 0 0 
731 10 10 
732 10 0 
733 0 10 
734 8.8939171992512627 0 
735 0 0 
736 0.77023076985700856 10 
737 0 0 
738 0 0 
739 9.5701174058393104 0 
740 10 0 
741 0 9.6759660219021857 
742 10 0 
743 0 0 
744 0 2.1946368042064774 
745 0 0 
746 0 9.5094217597833772 
747 0 0 
748 0 0 
749 10 8.7939796767518281 
750 0 0 
751 0 0 
752 9.849774415866964 10 
753 9.6546912793552551 0 
754 0 10 
755 0 10 
756 0 6.2676376279917543 
757 0 0 
758 0 1.5372156300328075 
759 0 0 
760 0 0 
761 0 8.3953499144131261 
762 0 0 
763 10 0 
764 0 8.2615013501618719 
765 0 9.83331521963634 
766 9.9082795543143387 10 
767 0 4.4875934405283875 
768 10 3.7461681267743847 
769 1.7130981490343629 0 
770 5.2005218588510544 0 
771 6.5340998863620419 0 
772 9.338611736435432 0 
773 0 9.3817501827398377 
774 0 0 
775 0 0 
776 10 8.4126501787065902 
777 0 10 
778 0 0 
779 0 0 
780 0 0 
781 0 1.3784372231518607 
782 0 0 
783 9.1367609933285046 0 
784 10 9.2779683970882711 
785 0 0 
786 0 7.8733896849265834 
787 8.8963280481027898 10 
788 3.7501620387072712 0 
789 10 2.9477756483125579 
790 4.2580592319527408 10 
791 0 0 
792 0 0 
793 0 1.4584359066658752 
794 0 0 
795 10 0 
796 6.4399832706714362 10 
797 8.3021235980447461 0 
798 0 0 
799 0 0 
800 0 9.5384864001577885 
801 0 0 
802 0 0 
803 10 7.8746161623604021 
804 0 9.3118538435095459 
805 0 9.4802365407125873 
806 7.2506174852710643 0 
807 0 0 
808 10 0 
809 7.9853832514732979 0 
810 3.9145244321078905 10 
811 8.4998739920957345 0 
812 1.8774991972556738 10 
813 0 10 
814 0 10 
815 8.5818260721460859 0 
816 10 8.1677217484195577 
817 5.6710154405505087 0 
818 8.9969546240131315 0 
819 10 0 
820 0 0 
821 0 8.941343831630217 
822 10 0 
823 10 0 
824 10 0.82847451046821663 
825 0 0 
826 0 1.6943969116618773 
827 4.6059827758197285 10 
828 8.9950560531676658 10 
829 1.5100123765273801 0 
830 10 2.5771517352102808 
831 0 10 
832 0 8.3300654584354703 
833 8.9465435364885142 0 
834 0 0 
835 2.4608254074712645 0 
836 7.1836184819156603 10 
837 9.707149242775241 0 
838 0 4.9302642491719126 
839 1.0413152524600509 0 
840 0 3.1544687499015436 
841 0 0 
842 0 10 
843 0 0 
844 10 10 
845 0 1.1090304763752119 
846 10 10 
847 0 10 
848 0 0 
849 1.2499795529562698 0 
850 10 1.234553616832065 
851 5.3756198074436066 0 
852 0 8.7941876924435878 
853 0 0 
854 0 8.1113658186474975 
855 0 0 
856 0 8.7435179545456929 
857 10 0.54517923634014476 
858 1.1146531126551213 0 
859 10 1.8497212744013602 
860 0 10 
861 0 9.4161413929689353 
862 0 10 
863 0 10 
864 6.4822127701893555 0 
865 0 6.3217726457449714 
866 10 10 
867 0 9.6495513160222632 
868 0 9.6226236824571831 
869 0 0 
870 2.0582553297389086 10 
871 10 10 
872 7.5421106693995048 10 
873 0 0 
874 10 0 
875 9.7808337508868988 10 
876 9.3009697469792449 0 
877 7.8249463919285756 0 
878 8.4750809344491689 10 
879 10 0 
880 0 6.513560278310405 
881 9.6975950539429476 10 
882 0 0 
883 9.8801931448537186 10 
884 0 2.467497951317231 
885 0 0 
886 10 10 
887 0 0 
888 0 8.1887857999073841 
889 0 0 
890 9.7324020274851257 0 
891 0 0 
892 0 3.7671504848006379 
893 1.3800123146683492 0 
894 2.8601039977278422 10 
895 0 10 
896 2.1813510623641448 0 
897 0.95778493344146021 0 
898 9.0919161944198343 0 
899 0 9.2760464620136016 
900 0 0 
